image: map4_small.pgm
resolution: 0.050000
origin: [-5.500000, -5.500000, 0.000000]
negate: 0
occupied_thresh: 0.65
free_thresh: 0.196

